cam0:
  camera_model: pinhole
  distortion_coeffs: [0.001843337813323217, -0.003745616714842316, -0.0001474187347749081, 0.0007726477912818445]
  distortion_model: radtan
  intrinsics: [378.3332153894565, 378.64122344318935, 320.9497118306629, 240.13180640736076]
  resolution: [640, 480]
  rostopic: /camera/infra1/image_rect_raw
cam1:
  T_cn_cnm1:
  - [0.9999998627853338, 1.9862794960630466e-05, 0.0005234833154688938, -0.04998406095840093]
  - [-1.9691066566246708e-05, 0.9999999459968991, -0.0003280525253809468, 4.8001063353019245e-05]
  - [-0.0005234898032392197, 0.000328042172422518, 0.9999998091733606, -0.0001933026433132359]
  - [0.0, 0.0, 0.0, 1.0]
  camera_model: pinhole
  distortion_coeffs: [0.0013500437712818743, -0.0037145663159549964, -0.00022429574953324402, 0.0005787120085607777]
  distortion_model: radtan
  intrinsics: [378.37076311952967, 378.6625375928635, 320.571761443963, 240.248082374623]
  resolution: [640, 480]
  rostopic: /camera/infra2/image_rect_raw
