cam0:
  camera_model: pinhole
  distortion_coeffs: [0.0028474342199780946, -0.004751749746236711, -0.0002868834242260207, 0.0009000649924908969]
  distortion_model: radtan
  intrinsics: [419.74891374339705, 420.08253248781205, 424.9032193271213, 240.27448802537762]
  resolution: [848, 480]
  rostopic: /infra_left
cam1:
  T_cn_cnm1:
  - [0.9999986378590628, 8.086128418404008e-05, 0.0016485573901727528, -0.04998338828346725]
  - [-8.076111856109452e-05, 0.9999999948889159, -6.082603995481155e-05, 4.830547995099369e-05]
  - [-0.001648562300218542, 6.069281776233006e-05, 0.9999986392784349, -0.00017768769590177243]
  - [0.0, 0.0, 0.0, 1.0]
  camera_model: pinhole
  distortion_coeffs: [0.0020684321873519146, -0.004451069393662058, -0.00032683963392714596, 0.0002944097699636075]
  distortion_model: radtan
  intrinsics: [419.74349142338673, 420.10618156355673, 423.9957532183049, 240.3206318704239]
  resolution: [848, 480]
  rostopic: /infra_right
