cam0:
  T_cam_imu:
  - [-0.007498316403994398, -0.9999052948629937, -0.011540214731665777, 0.013843602545305722]
  - [-0.0015400104999158115, 0.011552072524066176, -0.9999320866879193, -0.06122336636883108]
  - [0.9999707013801772, -0.007480035116634365, -0.001626485747917794, -0.061438368570737895]
  - [0.0, 0.0, 0.0, 1.0]
  camera_model: pinhole
  distortion_coeffs: [0.0028474342199780946, -0.004751749746236711, -0.0002868834242260207, 0.0009000649924908969]
  distortion_model: radtan
  intrinsics: [419.74891374339705, 420.08253248781205, 424.9032193271213, 240.27448802537762]
  resolution: [848, 480]
  rostopic: /infra_left
  timeshift_cam_imu: -0.003428892437642515
cam1:
  T_cam_imu:
  - [-0.005849921627740895, -0.9999153300028119, -0.011623736159993014, -0.03624603987167335]
  - [-0.0016002291774606103, 0.011633280916005684, -0.9999310506438476, -0.061172441548127426]
  - [0.999981608672644, -0.005830917637656863, -0.0016681474676927266, -0.06164251052599993]
  - [0.0, 0.0, 0.0, 1.0]
  T_cn_cnm1:
  - [0.9999986378590633, 8.086128418404008e-05, 0.0016485573901727528, -0.04998338828346725]
  - [-8.076111856109452e-05, 0.9999999948889163, -6.082603995481156e-05, 4.830547995099369e-05]
  - [-0.001648562300218542, 6.069281776233007e-05, 0.9999986392784354, -0.00017768769590177243]
  - [0.0, 0.0, 0.0, 1.0]
  camera_model: pinhole
  distortion_coeffs: [0.0020684321873519146, -0.004451069393662058, -0.00032683963392714596, 0.0002944097699636075]
  distortion_model: radtan
  intrinsics: [419.74349142338673, 420.10618156355673, 423.9957532183049, 240.3206318704239]
  resolution: [848, 480]
  rostopic: /infra_right
  timeshift_cam_imu: -0.003427367469498639
  
cam_0:
  T_imu_cam:
  [-0.0074983164039944385, -0.00154001049991585, 0.99997070138017941375, 0.061446087596342394,
   -0.99990529486299595686, 0.0115520725240661947, -0.007480035116634350619, 0.01408998709907240749,
   -0.011540214731665811187, -0.99993208668792160651, -0.0016264857479177697219, -0.061159378972067344562,
   0, 0, 0, 1]
   
cam_1:
  T_imu_cam:
  [-0.0058499216277409625, -0.00160022917746055, 0.99998160867264397087, 0.061331450420022721,
   -0.9999153300028118363, 0.0116332809160057121, -0.0058309176376567951852, -0.03589076712458752528,
   -0.011623736159992984627, -0.99993105064384758765, -0.0016681474676927813678, -0.061692366949817500934,
   0, 0, 0, 1]

