%YAML:1.0
---
model_type: PINHOLE
camera_name: camera
# image_width: 848
# image_height: 480
image_width: 640
image_height: 480
distortion_parameters:
   k1: 0.001843337813323217
   k2: -0.003745616714842316
   p1: -0.0001474187347749081
   p2: 0.0007726477912818445
projection_parameters:
   # 848*480
   # fx: 419.74891374339705
   # fy: 420.08253248781205
   # cx: 424.9032193271213
   # cy: 240.27448802537762
   # 640*480
   fx: 378.3332153894565
   fy: 378.64122344318935
   cx: 320.9497118306629
   cy: 240.13180640736076