%YAML:1.0

#common parameters
#support: 1 imu 1 cam; 1 imu 2 cam: 2 cam; 
imu: 1         
num_of_cam: 2  

imu_topic: "/camera/imu"
# imu_topic: "/mavros/imu/data"
image0_topic: "/camera/infra1/image_rect_raw"
image1_topic: "/camera/infra2/image_rect_raw"
mocap_topic: "/mavros/vision_pose/pose"
output_path: "/home/hitcsc/output_vins/"

cam0_calib: "left.yaml"
cam1_calib: "right.yaml"
# image_width: 848
# image_height: 480
image_width: 640
image_height: 480

# Extrinsic parameter between IMU and Camera.
estimate_extrinsic: 0   # 0  Have an accurate extrinsic parameters. We will trust the following imu^R_cam, imu^T_cam, don't change it.
                        # 1  Have an initial guess about extrinsic parameters. We will optimize around your initial guess.

body_T_cam0: !!opencv-matrix
   rows: 4
   cols: 4
   dt: d
   # initial
   # data: [0.99998049824532231054, 0.0046597116604245333833, -0.0041581505838241919955, 0.0023699423451810195697,
   #        -0.0046104136706886880405, 0.99991989502380734839, 0.011787604564217767206, 0.00028255970167624452974,
   #        0.0042127443337070301961, -0.011768203890948877274, 0.9999218780296583249, 0.0000065243848148982280859,
   #        0.0, 0.0, 0.0, 1.0]
   # d435i
   data: [0.99988466378609347521, -0.0037060223154903204679, 0.014728357816344428282, -0.0041741800841680851285,
          0.0038107683933494677019, 0.99996760321279587677, -0.007090174123895032619, 0.010176786468850840274,
          -0.014701604321346529996, 0.0071454827305081170528, 0.99986639352811774633, 0.024950852839801618257,
          0.0, 0.0, 0.0, 1.0]
   # d435i+fly control  0.01408998709907240749
  #  data: [-0.0074983164039944385, -0.00154001049991585, 0.99997070138017941375, 0.061446087596342394,
  #        -0.99990529486299595686, 0.0115520725240661947, -0.007480035116634350619, 0.01608998709907240749,
  #        -0.011540214731665811187, -0.99993208668792160651, -0.0016264857479177697219, -0.061159378972067344562,
  #        0, 0, 0, 1]
   
body_T_cam1: !!opencv-matrix
   rows: 4
   cols: 4
   dt: d
   # initial
   # data: [0.99991357924373073884, 0.007677397820237888363, 0.010672001063580031964, 0.055595627846778583139,
   #        -0.0076020545486967996248, 0.99994602110624366586, -0.0070826294855866450716, -0.0040742129316016339129,
   #        -0.010725801164942648548, 0.0070008882651610401365, 0.99991796901189283555, -0.007716793652157630141,
   #        0.0, 0.0, 0.0, 1.0]
   # d435i
   data: [0.99989216302487436949, -0.0037305425858031762165, 0.014203709848262714231, 0.045807415428964123483,
         0.0038269184340684210568, 0.99996980012287866788, -0.0067641361243873026949, 0.010318764254022773863,
         -0.014178047000102429707, 0.0068177631394587868488, 0.9998762428866071083, 0.024435127935133154083,
         0.0, 0.0, 0.0, 1.0]
   # d435i+fly control  -0.03589076712458752528
  #  data: [-0.0058499216277409625, -0.00160022917746055, 0.99998160867264397087, 0.061331450420022721,
  #        -0.9999153300028118363, 0.0116332809160057121, -0.0058309176376567951852, -0.03789076712458752528,
  #        -0.011623736159992984627, -0.99993105064384758765, -0.0016681474676927813678, -0.061692366949817500934,
  #        0, 0, 0, 1]

#Multiple thread support
multiple_thread: 1
use_gpu: 1
use_gpu_acc_flow: 1

#feature traker paprameters
max_cnt: 100            # max feature number in feature tracking #150,80
min_dist: 30            # min distance between two features 
freq: 10                # frequence (Hz) of publish tracking result. At least 10Hz for good estimation. If set 0, the frequence will be same as raw image 
F_threshold: 1.0        # ransac threshold (pixel)
show_track: 0           # publish tracking image as topic
flow_back: 1            # perform forward and backward optical flow to improve feature tracking accuracy

#optimization parameters
max_solver_time: 0.04  # max solver itration time (ms), to guarantee real time
max_num_iterations: 8   # max solver itrations, to guarantee real time #8,5
keyframe_parallax: 10.0 # keyframe selection threshold (pixel),10

#imu parameters       The more accurate parameters you provide, the better performance
# modified from data calibrated through stable imu dataset
# acc_n: 5.009397557789561          # accelerometer measurement noise standard deviation. #0.2   0.04
# gyr_n: 0.024184544004491014         # gyroscope measurement noise standard deviation.     #0.05  0.004
# acc_w: 4.513450113975324e-02         # accelerometer bias random work noise standard deviation.  #0.002
# gyr_w: 4.52857120638716e-04       # gyroscope bias random work noise standard deviation.     #4.0e-5
# modified from data calibrated through fly data
acc_n: 3.0          # accelerometer measurement noise standard deviation. #0.2   0.04
gyr_n: 0.4         # gyroscope measurement noise standard deviation.     #0.05  0.004
acc_w: 0.00160561729         # accelerometer bias random work noise standard deviation.  #0.002
gyr_w: 0.0005618422       # gyroscope bias random work noise standard deviation.     #4.0e-5
# acc_n: 0.1          # accelerometer measurement noise standard deviation. #0.2   0.04
# gyr_n: 0.01         # gyroscope measurement noise standard deviation.     #0.05  0.004
# acc_w: 0.001         # accelerometer bias random work noise standard deviation.  #0.002
# gyr_w: 0.0001       # gyroscope bias random work noise standard deviation.     #4.0e-5
g_norm: 9.805         # gravity magnitude 9.805

#unsynchronization parameters
estimate_td: 0                      # online estimate time offset between camera and imu
td: 0.00                           # initial value of time offset. unit: s. readed image clock + td = real image clock (IMU clock)

#loop closure parameters
load_previous_pose_graph: 0        # load and reuse previous pose graph; load from 'pose_graph_save_path'
pose_graph_save_path: "/home/hitcsc/output_vins/pose_graph/" # save and load path
save_image: 0                   # save image in pose graph for visualization prupose; you can close this function by setting 0 
