%YAML:1.0
---
model_type: PINHOLE
camera_name: camera
# image_width: 848
# image_height: 480
image_width: 640
image_height: 480
distortion_parameters:
   k1: 0.0013500437712818743
   k2: -0.0037145663159549964
   p1: -0.00022429574953324402
   p2: 0.0005787120085607777
projection_parameters:
   # 640*480
   # fx: 419.74349142338673
   # fy: 420.10618156355673
   # cx: 423.9957532183049
   # cy: 240.3206318704239
   #640*480
   fx: 378.37076311952967
   fy: 378.6625375928635
   cx: 320.571761443963
   cy: 240.248082374623
