cam0:
  cam_overlaps: [1]
  camera_model: pinhole
  distortion_coeffs: [0.0008538893074769908, -0.0019457899639230356, 0.00017295710922906, 0.0008510021774926265]
  distortion_model: radtan
  intrinsics: [421.38000085987886, 422.4509480417162, 420.2336221638458, 243.53281743681666]
  resolution: [848, 480]
  rostopic: /camera/infra1/image_rect_raw
cam1:
  T_cn_cnm1:
  - [0.999999994821989, -4.133355530175674e-05, -9.299227266304325e-05, -0.09510431982271439]
  - [4.1286471329484926e-05, 0.9999998709949238, -0.0005062663000587068, -3.6430142298445896e-05]
  - [9.301318645267875e-05, 0.0005062624581144543, 0.9999998675234284, -3.4276295190480344e-05]
  - [0.0, 0.0, 0.0, 1.0]
  cam_overlaps: [0]
  camera_model: pinhole
  distortion_coeffs: [0.002640197580778735, -0.004652222711908192, 2.0092232460383594e-05, 0.0006108638687212083]
  distortion_model: radtan
  intrinsics: [421.67642673226743, 422.64905502918026, 420.5247685321362, 243.56185880626225]
  resolution: [848, 480]
  rostopic: /camera/infra2/image_rect_raw
