cam0:
  T_cam_imu:
  - [0.004214437560119327, -0.9999435187574607, -0.009756936558028506, 0.045567087389598825]
  - [-0.026310490568087652, 0.009642765826957472, -0.9996073104741034, -0.05961710730500202]
  - [0.9996449352655752, 0.0044694923819152965, -0.026268365684404105, -0.07301593557132681]
  - [0.0, 0.0, 0.0, 1.0]
  cam_overlaps: [1]
  camera_model: pinhole
  distortion_coeffs: [0.0008538893074769908, -0.0019457899639230356, 0.00017295710922906, 0.0008510021774926265]
  distortion_model: radtan
  intrinsics: [421.38000085987886, 422.4509480417162, 420.2336221638458, 243.53281743681666]
  resolution: [848, 480]
  rostopic: /camera/infra1/image_rect_raw
  timeshift_cam_imu: -0.018321670704442326
cam1:
  T_cam_imu:
  - [0.004122565790027399, -0.9999443277777904, -0.009713176428435388, -0.04952797856427141]
  - [-0.02681639971739469, 0.009599217690202166, -0.9995942855608635, -0.05961468294459679]
  - [0.9996318748206782, 0.004381365627190714, -0.026775333382370092, -0.07307614575691077]
  - [0.0, 0.0, 0.0, 1.0]
  T_cn_cnm1:
  - [0.9999999948219883, -4.133355530175674e-05, -9.299227266304326e-05, -0.09510431982271439]
  - [4.1286471329484926e-05, 0.9999998709949232, -0.0005062663000587068, -3.6430142298445896e-05]
  - [9.301318645267876e-05, 0.0005062624581144543, 0.9999998675234277, -3.4276295190480344e-05]
  - [0.0, 0.0, 0.0, 1.0]
  cam_overlaps: [0]
  camera_model: pinhole
  distortion_coeffs: [0.002640197580778735, -0.004652222711908192, 2.0092232460383594e-05, 0.0006108638687212083]
  distortion_model: radtan
  intrinsics: [421.67642673226743, 422.64905502918026, 420.5247685321362, 243.56185880626225]
  resolution: [848, 480]
  rostopic: /camera/infra2/image_rect_raw
  timeshift_cam_imu: -0.018322907247134753
